
With 1 robot:
--------------------

epuck1 7424 2.500000e-01  5.500000e-01
epuck1 23424 8.500000e-01  1.500000e-01
epuck1 35456 6.500000e-01  7.500000e-01
epuck1 48000 7.500000e-01  3.500000e-01
epuck1 55552 6.500000e-01  1.500000e-01
epuck1 65408 6.500000e-01  3.500000e-01
epuck1 71424 4.500000e-01  3.500000e-01
epuck1 84096 7.500000e-01  7.500000e-01
epuck1 96768 1.500000e-01  4.500000e-01
epuck1 105280 4.500000e-01  6.500000e-01
epuck1 117568 7.500000e-01  7.500000e-01
epuck1 131136 2.500000e-01  6.500000e-01
epuck1 142016 6.500000e-01  1.500000e-01

==

epuck1 7360 2.500000e-01  5.500000e-01
epuck1 20032 8.500000e-01  1.500000e-01
epuck1 32640 6.500000e-01  7.500000e-01
epuck1 44864 7.500000e-01  3.500000e-01
epuck1 52416 6.500000e-01  1.500000e-01
epuck1 61184 6.500000e-01  3.500000e-01
epuck1 68288 4.500000e-01  3.500000e-01
epuck1 100864 7.500000e-01  7.500000e-01
epuck1 116032 1.500000e-01  4.500000e-01
epuck1 123904 4.500000e-01  6.500000e-01
epuck1 134400 7.500000e-01  7.500000e-01
epuck1 146624 2.500000e-01  6.500000e-01
epuck1 158784 6.500000e-01  1.500000e-01
epuck1 175872 1.500000e-01  4.500000e-01
epuck1 192448 5.500000e-01  2.500000e-01
epuck1 212480 7.500000e-01  2.500000e-01
epuck1 220416 5.500000e-01  1.500000e-01
epuck1 230528 1.500000e-01  2.500000e-01
epuck1 241088 8.500000e-01  2.500000e-01
epuck1 244800 8.500000e-01  2.500000e-01
epuck1 260160 1.500000e-01  2.500000e-01
epuck1 270272 6.500000e-01  4.500000e-01

==

epuck1 14656 7.500000e-01  7.500000e-01
epuck1 25088 2.500000e-01  8.500000e-01
epuck1 35776 4.500000e-01  1.500000e-01
epuck1 48128 8.500000e-01  3.500000e-01
epuck1 56704 8.500000e-01  5.500000e-01
epuck1 73472 5.500000e-01  3.500000e-01
epuck1 79360 5.500000e-01  4.500000e-01
epuck1 89152 8.500000e-01  1.500000e-01
epuck1 111744 3.500000e-01  7.500000e-01
epuck1 117760 4.500000e-01  8.500000e-01
epuck1 127616 8.500000e-01  6.500000e-01
epuck1 140160 3.500000e-01  5.500000e-01
epuck1 145984 2.500000e-01  3.500000e-01
epuck1 158272 8.500000e-01  3.500000e-01
epuck1 166144 6.500000e-01  3.500000e-01
epuck1 174208 2.500000e-01  3.500000e-01
epuck1 186816 1.500000e-01  8.500000e-01
epuck1 197056 1.500000e-01  4.500000e-01
epuck1 213952 8.500000e-01  7.500000e-01
epuck1 225536 7.500000e-01  4.500000e-01
epuck1 234432 1.500000e-01  3.500000e-01
epuck1 248960 8.500000e-01  7.500000e-01
epuck1 267648 2.500000e-01  2.500000e-01
epuck1 279360 8.500000e-01  5.500000e-01

==


epuck1 8640 3.500000e-01  5.500000e-01
epuck1 14848 1.500000e-01  5.500000e-01
epuck1 23168 3.500000e-01  7.500000e-01
epuck1 28992 3.500000e-01  6.500000e-01
epuck1 40896 7.500000e-01  6.500000e-01
epuck1 54016 3.500000e-01  6.500000e-01
epuck1 151104 5.500000e-01  8.500000e-01
epuck1 161152 8.500000e-01  6.500000e-01
epuck1 176384 5.500000e-01  3.500000e-01
epuck1 183232 4.500000e-01  4.500000e-01
epuck1 189248 4.500000e-01  3.500000e-01
epuck1 199168 3.500000e-01  7.500000e-01
epuck1 213696 1.500000e-01  1.500000e-01
epuck1 231552 2.500000e-01  2.500000e-01
epuck1 246016 6.500000e-01  8.500000e-01
epuck1 260736 7.500000e-01  4.500000e-01
epuck1 272448 3.500000e-01  5.500000e-01
epuck1 278144 1.500000e-01  6.500000e-01
epuck1 290944 6.500000e-01  2.500000e-01
epuck1 297280 5.500000e-01  4.500000e-01


==

epuck1 6720 1.500000e-01  6.500000e-01
epuck1 15168 3.500000e-01  5.500000e-01
epuck1 26560 4.500000e-01  1.500000e-01
epuck1 40128 8.500000e-01  5.500000e-01
epuck1 52288 2.500000e-01  6.500000e-01
epuck1 56640 2.500000e-01  6.500000e-01
epuck1 63424 2.500000e-01  5.500000e-01
epuck1 75008 5.500000e-01  2.500000e-01
epuck1 79936 4.500000e-01  3.500000e-01
epuck1 94720 8.500000e-01  8.500000e-01
epuck1 104768 8.500000e-01  4.500000e-01
epuck1 113920 8.500000e-01  8.500000e-01
epuck1 121408 7.500000e-01  7.500000e-01
epuck1 133376 6.500000e-01  4.500000e-01
epuck1 141312 7.500000e-01  1.500000e-01
epuck1 147584 7.500000e-01  1.500000e-01
epuck1 175744 3.500000e-01  6.500000e-01
epuck1 183872 7.500000e-01  3.500000e-01
epuck1 191680 8.500000e-01  6.500000e-01
epuck1 206592 4.500000e-01  7.500000e-01
epuck1 213824 4.500000e-01  3.500000e-01
epuck1 224384 3.500000e-01  5.500000e-01
epuck1 229824 3.500000e-01  6.500000e-01
epuck1 240704 4.500000e-01  2.500000e-01

==--==

With 2 robots:


epuck1 6272 1.500000e-01  5.500000e-01
epuck1 16256 1.500000e-01  4.500000e-01
epuck2 17408 2.500000e-01  3.500000e-01
epuck1 28992 4.500000e-01  2.500000e-01
epuck2 29888 6.500000e-01  2.500000e-01
epuck1 38848 1.500000e-01  4.500000e-01
epuck2 42368 4.500000e-01  6.500000e-01
epuck2 53248 8.500000e-01  8.500000e-01
epuck1 55872 6.500000e-01  7.500000e-01
epuck2 56640 8.500000e-01  8.500000e-01
epuck2 65792 7.500000e-01  8.500000e-01
epuck1 68544 1.500000e-01  4.500000e-01
epuck2 70848 6.500000e-01  7.500000e-01
epuck1 72896 2.500000e-01  4.500000e-01
epuck2 82368 6.500000e-01  4.500000e-01
epuck2 92032 2.500000e-01  2.500000e-01
epuck2 110208 6.500000e-01  7.500000e-01
epuck2 124480 5.500000e-01  4.500000e-01
epuck2 130304 7.500000e-01  4.500000e-01
epuck2 138688 4.500000e-01  3.500000e-01
epuck1 142720 2.500000e-01  7.500000e-01
epuck2 148544 8.500000e-01  5.500000e-01
epuck1 149952 2.500000e-01  6.500000e-01

==

epuck1 3328 2.500000e-01  4.500000e-01
epuck2 12672 5.500000e-01  3.500000e-01
epuck1 15680 3.500000e-01  7.500000e-01
epuck2 15872 5.500000e-01  3.500000e-01
epuck1 23424 4.500000e-01  2.500000e-01
epuck2 30144 5.500000e-01  8.500000e-01
epuck1 36864 2.500000e-01  8.500000e-01
epuck2 38336 4.500000e-01  5.500000e-01
epuck2 49280 8.500000e-01  4.500000e-01
epuck1 52864 3.500000e-01  4.500000e-01
epuck2 59264 3.500000e-01  6.500000e-01
epuck1 60160 4.500000e-01  8.500000e-01
epuck1 67136 5.500000e-01  8.500000e-01
epuck2 69440 7.500000e-01  1.500000e-01
epuck1 77248 2.500000e-01  4.500000e-01
epuck2 78592 6.500000e-01  4.500000e-01
epuck1 85504 4.500000e-01  6.500000e-01
epuck1 94976 6.500000e-01  8.500000e-01
epuck1 104704 2.500000e-01  7.500000e-01
epuck1 115904 6.500000e-01  4.500000e-01
epuck1 121728 8.500000e-01  5.500000e-01
epuck1 132928 3.500000e-01  8.500000e-01
epuck1 143232 1.500000e-01  2.500000e-01

==

epuck1 4544 2.500000e-01  2.500000e-01
epuck2 8000 7.500000e-01  7.500000e-01
epuck2 14400 7.500000e-01  8.500000e-01
epuck1 15104 1.500000e-01  5.500000e-01
epuck1 25152 3.500000e-01  2.500000e-01
epuck2 30016 4.500000e-01  5.500000e-01
epuck2 48192 1.500000e-01  4.500000e-01
epuck2 64960 7.500000e-01  7.500000e-01
epuck2 77376 4.500000e-01  6.500000e-01
epuck2 84800 5.500000e-01  3.500000e-01
epuck2 88576 4.500000e-01  3.500000e-01
epuck2 95360 3.500000e-01  2.500000e-01

==

epuck1 3776 2.500000e-01  3.500000e-01
epuck2 7872 8.500000e-01  6.500000e-01
epuck1 13056 4.500000e-01  6.500000e-01
epuck1 22784 3.500000e-01  8.500000e-01
epuck2 23488 4.500000e-01  1.500000e-01
epuck1 31104 4.500000e-01  6.500000e-01
epuck1 37120 4.500000e-01  3.500000e-01
epuck2 43456 8.500000e-01  2.500000e-01
epuck1 46912 1.500000e-01  6.500000e-01
epuck2 59392 4.500000e-01  8.500000e-01
epuck1 59456 8.500000e-01  5.500000e-01
epuck1 66048 8.500000e-01  5.500000e-01
epuck2 70848 2.500000e-01  2.500000e-01
epuck1 76928 8.500000e-01  2.500000e-01
epuck1 94144 4.500000e-01  8.500000e-01
epuck1 100736 3.500000e-01  4.500000e-01
epuck1 112896 8.500000e-01  6.500000e-01
epuck1 118528 8.500000e-01  4.500000e-01
epuck1 126400 6.500000e-01  7.500000e-01
epuck1 137856 8.500000e-01  3.500000e-01
epuck1 192128 2.500000e-01  4.500000e-01
epuck1 201088 5.500000e-01  1.500000e-01

==

epuck1 11072 6.500000e-01  2.500000e-01
epuck2 11328 6.500000e-01  3.500000e-01
epuck2 22464 6.500000e-01  7.500000e-01
epuck1 25024 3.500000e-01  2.500000e-01
epuck1 32256 2.500000e-01  5.500000e-01
epuck2 38848 8.500000e-01  1.500000e-01
epuck1 39616 1.500000e-01  6.500000e-01
epuck1 51456 2.500000e-01  3.500000e-01
epuck1 59968 1.500000e-01  6.500000e-01
epuck1 75328 4.500000e-01  1.500000e-01
epuck1 174848 8.500000e-01  8.500000e-01
epuck1 187328 2.500000e-01  7.500000e-01

==--== 

With 3 robots:


epuck2 6080 6.500000e-01  7.500000e-01
epuck3 9664 7.500000e-01  3.500000e-01
epuck1 12800 1.500000e-01  6.500000e-01
epuck2 17152 4.500000e-01  7.500000e-01
epuck3 18240 8.500000e-01  1.500000e-01
epuck1 25856 6.500000e-01  4.500000e-01
epuck3 27776 6.500000e-01  3.500000e-01
epuck3 34304 8.500000e-01  2.500000e-01
epuck1 35456 6.500000e-01  3.500000e-01
epuck2 39552 7.500000e-01  7.500000e-01
epuck1 42368 8.500000e-01  3.500000e-01
epuck2 51008 4.500000e-01  6.500000e-01
epuck1 51776 3.500000e-01  4.500000e-01
epuck2 62016 6.500000e-01  7.500000e-01
epuck2 69760 3.500000e-01  8.500000e-01
epuck2 81024 7.500000e-01  8.500000e-01
epuck2 92672 8.500000e-01  2.500000e-01
epuck2 97728 8.500000e-01  3.500000e-01
epuck1 104064 8.500000e-01  5.500000e-01
epuck3 110784 7.500000e-01  4.500000e-01
epuck2 111744 1.500000e-01  1.500000e-01
epuck2 120320 1.500000e-01  5.500000e-01
epuck3 122432 7.500000e-01  1.500000e-01

==

epuck1 9664 3.500000e-01  8.500000e-01
epuck3 11584 7.500000e-01  4.500000e-01
epuck3 18496 8.500000e-01  5.500000e-01
epuck1 24960 8.500000e-01  7.500000e-01
epuck3 26816 6.500000e-01  7.500000e-01
epuck2 29056 1.500000e-01  4.500000e-01
epuck3 33920 8.500000e-01  8.500000e-01
epuck1 37696 2.500000e-01  4.500000e-01
epuck2 39424 3.500000e-01  7.500000e-01
epuck1 45632 5.500000e-01  3.500000e-01
epuck3 46848 3.500000e-01  5.500000e-01
epuck2 51840 8.500000e-01  8.500000e-01
epuck3 52288 1.500000e-01  4.500000e-01
epuck1 54848 6.500000e-01  4.500000e-01
epuck1 62272 8.500000e-01  4.500000e-01
epuck3 62336 5.500000e-01  4.500000e-01
epuck2 63680 8.500000e-01  7.500000e-01
epuck2 70272 7.500000e-01  8.500000e-01
epuck2 84544 7.500000e-01  1.500000e-01
epuck2 97408 7.500000e-01  7.500000e-01
epuck1 115264 3.500000e-01  2.500000e-01

==

epuck1 4544 3.500000e-01  4.500000e-01
epuck3 8320 8.500000e-01  2.500000e-01
epuck1 11264 4.500000e-01  2.500000e-01
epuck3 13312 8.500000e-01  1.500000e-01
epuck2 23424 4.500000e-01  8.500000e-01
epuck3 28416 4.500000e-01  3.500000e-01
epuck3 37888 7.500000e-01  4.500000e-01
epuck3 48128 4.500000e-01  3.500000e-01
epuck3 61376 8.500000e-01  4.500000e-01
epuck2 61632 2.500000e-01  4.500000e-01
epuck2 67264 1.500000e-01  3.500000e-01
epuck3 76736 1.500000e-01  6.500000e-01
epuck2 77568 4.500000e-01  3.500000e-01
epuck2 83520 2.500000e-01  2.500000e-01
epuck3 88768 4.500000e-01  8.500000e-01
epuck3 101632 8.500000e-01  4.500000e-01
epuck2 108096 7.500000e-01  7.500000e-01
epuck2 121664 6.500000e-01  2.500000e-01
epuck2 129664 2.500000e-01  3.500000e-01
epuck2 136512 4.500000e-01  3.500000e-01
epuck2 152000 2.500000e-01  6.500000e-01
epuck2 158400 3.500000e-01  5.500000e-01

==

epuck3 5184 8.500000e-01  2.500000e-01
epuck1 7616 3.500000e-01  4.500000e-01
epuck2 15424 4.500000e-01  7.500000e-01
epuck1 19392 3.500000e-01  1.500000e-01
epuck3 20544 7.500000e-01  8.500000e-01
epuck2 22208 2.500000e-01  5.500000e-01
epuck3 26176 6.500000e-01  8.500000e-01
epuck1 32512 7.500000e-01  1.500000e-01
epuck2 33856 3.500000e-01  3.500000e-01
epuck2 37824 3.500000e-01  3.500000e-01
epuck2 45632 2.500000e-01  4.500000e-01
epuck1 49536 6.500000e-01  7.500000e-01
epuck2 52864 4.500000e-01  2.500000e-01
epuck3 53120 7.500000e-01  1.500000e-01
epuck1 55360 6.500000e-01  6.500000e-01
epuck3 59008 7.500000e-01  4.500000e-01
epuck3 62912 7.500000e-01  4.500000e-01
epuck2 65024 8.500000e-01  1.500000e-01
epuck1 71168 7.500000e-01  4.500000e-01
epuck2 79872 7.500000e-01  7.500000e-01
epuck2 98304 1.500000e-01  4.500000e-01
epuck2 108672 6.500000e-01  3.500000e-01

==

epuck1 3328 2.500000e-01  4.500000e-01
epuck1 16128 4.500000e-01  5.500000e-01
epuck2 20864 2.500000e-01  6.500000e-01
epuck1 24896 4.500000e-01  3.500000e-01
epuck3 25728 8.500000e-01  1.500000e-01
epuck2 32000 8.500000e-01  4.500000e-01
epuck1 33600 6.500000e-01  4.500000e-01
epuck2 37824 8.500000e-01  4.500000e-01
epuck2 44736 8.500000e-01  3.500000e-01
epuck2 60288 3.500000e-01  5.500000e-01
epuck2 72384 6.500000e-01  4.500000e-01
epuck2 80768 8.500000e-01  3.500000e-01

==--==

With 4 robots:


epuck4 5440 5.500000e-01  8.500000e-01
epuck4 10752 6.500000e-01  8.500000e-01
epuck3 11648 4.500000e-01  2.500000e-01
epuck2 16448 8.500000e-01  7.500000e-01
epuck1 17856 4.500000e-01  3.500000e-01
epuck4 21632 3.500000e-01  8.500000e-01
epuck3 24256 2.500000e-01  2.500000e-01
epuck2 27136 6.500000e-01  6.500000e-01
epuck1 30016 3.500000e-01  4.500000e-01
epuck2 35712 6.500000e-01  7.500000e-01
epuck4 45888 1.500000e-01  6.500000e-01
epuck2 53568 7.500000e-01  2.500000e-01
epuck4 58240 6.500000e-01  7.500000e-01
epuck3 62592 5.500000e-01  3.500000e-01
epuck2 67648 8.500000e-01  8.500000e-01
epuck3 70464 2.500000e-01  3.500000e-01
epuck3 78208 1.500000e-01  1.500000e-01
epuck2 78528 8.500000e-01  2.500000e-01
epuck3 82432 1.500000e-01  2.500000e-01
epuck2 94784 6.500000e-01  8.500000e-01
epuck3 95104 8.500000e-01  5.500000e-01
epuck2 102080 5.500000e-01  8.500000e-01


==

epuck2 5760 6.500000e-01  8.500000e-01
epuck3 8960 6.500000e-01  1.500000e-01
epuck4 14912 4.500000e-01  6.500000e-01
epuck3 18432 7.500000e-01  3.500000e-01
epuck4 24320 7.500000e-01  8.500000e-01
epuck3 28288 7.500000e-01  6.500000e-01
epuck4 30848 5.500000e-01  8.500000e-01
epuck3 36992 5.500000e-01  3.500000e-01
epuck1 37760 1.500000e-01  8.500000e-01
epuck4 44992 5.500000e-01  2.500000e-01
epuck1 46720 4.500000e-01  6.500000e-01
epuck3 48512 7.500000e-01  4.500000e-01
epuck4 59136 1.500000e-01  2.500000e-01

==

epuck1 7232 4.500000e-01  4.500000e-01
epuck3 13184 2.500000e-01  3.500000e-01
epuck4 15040 3.500000e-01  1.500000e-01
epuck2 24064 5.500000e-01  1.500000e-01
epuck4 24576 5.500000e-01  2.500000e-01
epuck3 28352 8.500000e-01  8.500000e-01
epuck4 36352 1.500000e-01  1.500000e-01
epuck2 39936 2.500000e-01  6.500000e-01
epuck4 41536 1.500000e-01  2.500000e-01
epuck3 43136 3.500000e-01  7.500000e-01
epuck3 52928 6.500000e-01  7.500000e-01
epuck2 53184 8.500000e-01  3.500000e-01
epuck3 62400 2.500000e-01  8.500000e-01

==

epuck1 6208 2.500000e-01  5.500000e-01
epuck4 7680 2.500000e-01  8.500000e-01
epuck1 13440 2.500000e-01  4.500000e-01
epuck3 13504 8.500000e-01  1.500000e-01
epuck2 22144 8.500000e-01  8.500000e-01
epuck2 37376 6.500000e-01  2.500000e-01
epuck1 39744 7.500000e-01  7.500000e-01
epuck2 48448 8.500000e-01  6.500000e-01
epuck1 50240 1.500000e-01  8.500000e-01

==


epuck2 5760 7.500000e-01  7.500000e-01
epuck1 8704 3.500000e-01  2.500000e-01
epuck3 13440 8.500000e-01  1.500000e-01
epuck2 16256 8.500000e-01  4.500000e-01
epuck1 18560 1.500000e-01  2.500000e-01
epuck2 26240 5.500000e-01  4.500000e-01
epuck1 28928 4.500000e-01  1.500000e-01
epuck4 29184 4.500000e-01  8.500000e-01
epuck2 33216 3.500000e-01  5.500000e-01
epuck2 41216 6.500000e-01  3.500000e-01
epuck1 41728 8.500000e-01  2.500000e-01
epuck4 45888 6.500000e-01  6.500000e-01
epuck1 52992 8.500000e-01  4.500000e-01
epuck3 53824 6.500000e-01  3.500000e-01
epuck4 61568 5.500000e-01  2.500000e-01
epuck3 65472 1.500000e-01  2.500000e-01
epuck1 67072 4.500000e-01  8.500000e-01
epuck1 76032 8.500000e-01  8.500000e-01
epuck3 76480 2.500000e-01  8.500000e-01
epuck4 80128 3.500000e-01  1.500000e-01
epuck3 86784 4.500000e-01  3.500000e-01
epuck4 88576 6.500000e-01  4.500000e-01
epuck1 89280 8.500000e-01  7.500000e-01
