7424
23424
35456
48000
55552
65408
71424
84096
96768
105280
117568
131136
142016
7360
20032
32640
44864
52416
61184
68288
100864
116032
123904
134400
146624
158784
175872
192448
212480
220416
230528
241088
244800
260160
270272
14656
25088
35776
48128
56704
73472
79360
89152
111744
117760
127616
140160
145984
158272
166144
174208
186816
197056
213952
225536
234432
248960
267648
279360
8640
14848
23168
28992
40896
54016
151104
161152
176384
183232
189248
199168
213696
231552
246016
260736
272448
278144
290944
297280
6720
15168
26560
40128
52288
56640
63424
75008
79936
94720
104768
113920
121408
133376
141312
147584
175744
183872
191680
206592
213824
224384
229824
240704
----------------------
2
----------------------
6272
16256
17408
28992
29888
38848
42368
53248
55872
56640
65792
68544
70848
72896
82368
92032
110208
124480
130304
138688
142720
148544
149952
3328
12672
15680
15872
23424
30144
36864
38336
49280
52864
59264
60160
67136
69440
77248
78592
85504
94976
104704
115904
121728
132928
143232
4544
8000
14400
15104
25152
30016
48192
64960
77376
84800
88576
95360
3776
7872
13056
22784
23488
31104
37120
43456
46912
59392
59456
66048
70848
76928
94144
100736
112896
118528
126400
137856
192128
201088
11072
11328
22464
25024
32256
38848
39616
51456
59968
75328
174848
187328
--------------
3
--------------
6080
9664
12800
17152
18240
25856
27776
34304
35456
39552
42368
51008
51776
62016
69760
81024
92672
97728
104064
110784
111744
120320
122432
9664
11584
18496
24960
26816
29056
33920
37696
39424
45632
46848
51840
52288
54848
62272
62336
63680
70272
84544
97408
115264
4544
8320
11264
13312
23424
28416
37888
48128
61376
61632
67264
76736
77568
83520
88768
101632
108096
121664
129664
136512
152000
158400
5184
7616
15424
19392
20544
22208
26176
32512
33856
37824
45632
49536
52864
53120
55360
59008
62912
65024
71168
79872
98304
108672
3328
16128
20864
24896
25728
32000
33600
37824
44736
60288
72384
80768
---------------
4
---------------
5440
10752
11648
16448
17856
21632
24256
27136
30016
35712
45888
53568
58240
62592
67648
70464
78208
78528
82432
94784
95104
102080
5760
8960
14912
18432
24320
28288
30848
36992
37760
44992
46720
48512
59136
7232
13184
15040
24064
24576
28352
36352
39936
41536
43136
52928
53184
62400
6208
7680
13440
13504
22144
37376
39744
48448
50240
5760
8704
13440
16256
18560
26240
28928
29184
33216
41216
41728
45888
52992
53824
61568
65472
67072
76032
76480
80128
86784
88576
89280
