epuck1 17024 8.500000e-01  9.500000e-01
epuck1 33088 1.500000e-01  9.500000e-01
epuck1 48768 6.500000e-01  5.000000e-02
epuck1 66624 2.500000e-01  5.500000e-01
epuck1 84224 9.500000e-01  9.500000e-01
epuck1 99200 1.500000e-01  9.500000e-01
epuck1 134784 9.500000e-01  4.500000e-01
epuck1 143104 8.500000e-01  1.500000e-01
epuck1 165056 4.500000e-01  9.500000e-01
epuck1 175104 7.500000e-01  9.500000e-01
epuck1 189248 6.500000e-01  5.000000e-02
epuck1 204160 8.500000e-01  9.500000e-01
epuck1 213440 6.500000e-01  7.500000e-01
epuck1 226368 7.500000e-01  3.500000e-01
epuck1 235264 6.500000e-01  1.500000e-01
epuck1 239808 7.500000e-01  5.000000e-02
epuck1 266368 5.000000e-02  8.500000e-01
epuck1 301376 6.500000e-01  3.500000e-01
epuck1 314432 9.500000e-01  5.000000e-02
epuck1 333440 4.500000e-01  3.500000e-01
epuck1 393152 7.500000e-01  7.500000e-01
epuck1 416128 1.500000e-01  4.500000e-01
epuck1 427456 4.500000e-01  6.500000e-01
epuck1 445888 7.500000e-01  7.500000e-01
epuck1 464576 2.500000e-01  6.500000e-01
